max_depth: 4
learning_rate: 0.05248123531564638
n_estimators: 212
min_child_weight: 6
lambda: 1.8706763165865432
alpha: 0.005055091961955603
