max_depth: 6
learning_rate: 0.06240657648173549
n_estimators: 495
min_child_weight: 4
lambda: 0.8345267126037174
alpha: 0.09667359351679769
