max_depth: 12
learning_rate: 0.7231319036215936
n_estimators: 133
min_child_weight: 2
lambda: 5.064653607160971
alpha: 0.00959351678507469
