max_depth: 6
learning_rate: 0.20102576199653108
n_estimators: 327
min_child_weight: 5
lambda: 0.3143980520887824
alpha: 0.012002379957110175
