max_depth: 4
learning_rate: 0.0821518360060639
n_estimators: 360
min_child_weight: 4
lambda: 0.8282549426455209
alpha: 0.09679054919940809
