max_depth: 9
learning_rate: 0.016087861746788844
n_estimators: 108
min_child_weight: 3
lambda: 0.13915656001948407
alpha: 0.07678047842704268
