max_depth: 10
learning_rate: 0.9944889419853431
n_estimators: 65
min_child_weight: 7
lambda: 0.003806739590458397
alpha: 2.2673103096889013
