max_depth: 5
learning_rate: 0.13026620850585824
n_estimators: 481
min_child_weight: 3
lambda: 0.18370748992001185
alpha: 0.025758525036863485
