max_depth: 4
learning_rate: 0.021649112567570187
n_estimators: 72
min_child_weight: 8
lambda: 0.07148234509358417
alpha: 0.04589096713139157
