max_depth: 3
learning_rate: 0.03527081945274258
n_estimators: 88
min_child_weight: 1
lambda: 0.023497400015194108
alpha: 3.9872508090446845
