max_depth: 3
learning_rate: 0.013280976256917114
n_estimators: 403
min_child_weight: 4
lambda: 2.1759284766359155
alpha: 0.17454545941722155
