max_depth: 11
learning_rate: 0.060314199935058516
n_estimators: 284
min_child_weight: 8
lambda: 0.806826085286644
alpha: 0.08099101263603964
