max_depth: 13
learning_rate: 0.34704336525550705
n_estimators: 82
min_child_weight: 4
lambda: 2.799389573349766
alpha: 0.03998352569207072
