max_depth: 1
learning_rate: 0.08080382745350374
n_estimators: 186
min_child_weight: 1
lambda: 6.570258763659972
alpha: 0.004979483740220464
