max_depth: 15
learning_rate: 0.08579238290156453
n_estimators: 129
min_child_weight: 4
lambda: 7.651330509954432
alpha: 0.02231792315156988
