max_depth: 5
learning_rate: 0.1034323628530027
n_estimators: 344
min_child_weight: 3
lambda: 0.05224044682584943
alpha: 0.019109529494669805
