max_depth: 2
learning_rate: 0.5341815280208947
n_estimators: 298
min_child_weight: 6
lambda: 0.054655950638889325
alpha: 1.0427974146161614
