max_depth: 5
learning_rate: 0.4920504448459161
n_estimators: 387
min_child_weight: 2
lambda: 0.001087592476357719
alpha: 4.98004195328483
