max_depth: 1
learning_rate: 0.025124517539445418
n_estimators: 451
min_child_weight: 1
lambda: 5.522794919148429
alpha: 2.6882185591913537
