max_depth: 5
learning_rate: 0.06041141703272837
n_estimators: 52
min_child_weight: 1
lambda: 0.7922711132209063
alpha: 0.0024763933440894374
