max_depth: 8
learning_rate: 0.16952540739849375
n_estimators: 94
min_child_weight: 10
lambda: 0.4579146909297402
alpha: 0.18036095961717377
