max_depth: 1
learning_rate: 0.1695546835652133
n_estimators: 74
min_child_weight: 6
lambda: 0.3507631502663689
alpha: 0.2984207287183545
