max_depth: 2
learning_rate: 0.04152047998157458
n_estimators: 114
min_child_weight: 4
lambda: 3.066450098692819
alpha: 0.06453809948691214
