max_depth: 14
learning_rate: 0.23517186332102857
n_estimators: 66
min_child_weight: 2
lambda: 0.11619453689424977
alpha: 0.04548692648542376
