max_depth: 5
learning_rate: 0.1308461199048233
n_estimators: 155
min_child_weight: 3
lambda: 0.08601991648162287
alpha: 0.29671099387629757
