max_depth: 2
learning_rate: 0.29308316613929397
n_estimators: 364
min_child_weight: 4
lambda: 1.210231989924008
alpha: 0.2467658296167125
