max_depth: 11
learning_rate: 0.3491723840103791
n_estimators: 229
min_child_weight: 5
lambda: 0.2750181575972467
alpha: 0.007681874105776213
