max_depth: 5
learning_rate: 0.5376712477441609
n_estimators: 109
min_child_weight: 4
lambda: 0.2232834555900973
alpha: 0.04306993278227916
