max_depth: 1
learning_rate: 0.03812168023298693
n_estimators: 250
min_child_weight: 4
lambda: 0.020443271708409164
alpha: 0.5612888621409945
