max_depth: 1
learning_rate: 0.18260071830015895
n_estimators: 291
min_child_weight: 2
lambda: 0.007586149891522376
alpha: 1.0318075134987479
