max_depth: 9
learning_rate: 0.058022086014914924
n_estimators: 145
min_child_weight: 7
lambda: 1.6159682933609119
alpha: 0.00130046962977598
