max_depth: 4
learning_rate: 0.6330753377168774
n_estimators: 107
min_child_weight: 1
lambda: 0.6255089732520105
alpha: 0.31639394853983255
