max_depth: 5
learning_rate: 0.9601738701614205
n_estimators: 242
min_child_weight: 2
lambda: 0.6831391903185268
alpha: 0.06803174672818481
