max_depth: 4
learning_rate: 0.06916400320450426
n_estimators: 416
min_child_weight: 5
lambda: 0.6398498983519005
alpha: 0.13392010797464599
