max_depth: 11
learning_rate: 0.08824457449102853
n_estimators: 376
min_child_weight: 3
lambda: 1.1687814617270367
alpha: 0.4507965111473645
