max_depth: 8
learning_rate: 0.07598323332034602
n_estimators: 146
min_child_weight: 5
lambda: 0.3805328873313582
alpha: 0.03654295406192838
