max_depth: 7
learning_rate: 0.012318759787511761
n_estimators: 167
min_child_weight: 10
lambda: 0.604857042766827
alpha: 0.001732395032698401
