max_depth: 3
learning_rate: 0.662131007460604
n_estimators: 55
min_child_weight: 3
lambda: 1.6856943061171932
alpha: 0.9102008891933822
