max_depth: 5
learning_rate: 0.12831206987578433
n_estimators: 476
min_child_weight: 3
lambda: 0.23902152109530875
alpha: 0.03117074871823019
