max_depth: 3
learning_rate: 0.010325184840091243
n_estimators: 147
min_child_weight: 3
lambda: 0.6774335577648972
alpha: 0.010712354403899975
