max_depth: 7
learning_rate: 0.027130738992687788
n_estimators: 187
min_child_weight: 5
lambda: 2.635229108536516
alpha: 0.3426752280244966
