max_depth: 7
learning_rate: 0.08819904277307954
n_estimators: 189
min_child_weight: 6
lambda: 0.38569391940165315
alpha: 0.18063593947261902
