max_depth: 4
learning_rate: 0.17487524154404743
n_estimators: 237
min_child_weight: 4
lambda: 0.08909893115366946
alpha: 0.12054497072289012
