max_depth: 13
learning_rate: 0.15220456398897947
n_estimators: 482
min_child_weight: 3
lambda: 6.371175417197442
alpha: 0.5862686430496515
